selection_order,rna_rank_min,rna_rank_max,gene_name_5p,gene_name_3p,junction_id,read_id,protein_id,sequence_sha256,sequence_source,sequence,selection_reason,protein_existence,function
1,4,4,Wiz,Cmtm3,junction_8b7451bd5aae24801ed5485bd891d105bd2248c409448aa1c2d47d44a39418f5,SRR28984805.1002791/1,protein_ab0acc0f95e51a7894c0c41ef7081728b8aa1ad064443d42f81776ea20c77194,ab0acc0f95e51a7894c0c41ef7081728b8aa1ad064443d42f81776ea20c77194,reference_assisted,MEGLLAGGLAAPDHPRGPAPREDIESGAEAAEGEGDIFPSSHYLPITKEGPRDILDGRSGISVANFDPGTFSLMRCDFCGAGFDTRAGLSSHARAHLRDFGITNWELTISPINILQELLATSAAELPPSPLGREPGGPPRSFLTSRRPRLPLTMPFPPTWAEDPGPIYGDGSFIHHLHLLRGVLRICLPHSASAGVSVGRLLPLC,top_ranked_distinct_protein,UNKNOWN,UNKNOWN
2,13,13,Ms4a7,Cog6,junction_86454225dbb4223697a10296e1e8aa1d54849acef43961eaf2fb88f1c492c90e,SRR28984805.1002171/1,protein_829397420b49a412cf07f60151864bb984e43c3ffee13a777cc6be8d1ad441bc,829397420b49a412cf07f60151864bb984e43c3ffee13a777cc6be8d1ad441bc,reference_assisted,MRLQLGTKNIGWDCFPKDIIIHKREKTGHTYEKEDDLLIGVPSEATVLGTIQLLCALILASFGGILVSASYFNPEVSTTLISGYLFIGSLCFAIAGILSIISEKISTKPFALSSLASNVASSVVAVIGLFLFTYCLIALGSAFPHCNSEKKFLSLLSYLKSHHWKNEDKNCYLAYVGAMIEAHLDTLINEQASYVLTRVGLSYIYNTIQQHRPDQGSLANMPNLDAVALKAAMAQFDRYLSAPDHLLMPQLNSLLSATVKEQIIKQSTELVCRAYAEVHAAVMNPDNAYKDPESILHRSPEQVKTLLS,top_ranked_distinct_protein,UNKNOWN,UNKNOWN
3,14,14,Dock4,Nbas,junction_1a38d4c4e38fac48c1b34263c18cc3576802fa7c677f3cd6a0597b2231357f93,SRR28984805.1086838/1,protein_5fbb65263d2cee8b90549b93739189a4d923d56399dd9965cb39df5b591bf18d,5fbb65263d2cee8b90549b93739189a4d923d56399dd9965cb39df5b591bf18d,reference_assisted,MVIPTEDSVITEMTSTLRDWGTMWKQLYVRNEGDLFHRLWHIMNEILDLRRQVLVGHLTHDRMKDVKRHITARLDWGNEQLGLDLVPRKEYAMVDPEDISITELYRLMEHRHRKKDTPVQASSHHLFVQMKSLMCSNLGEELEVIFSLFDSKENRPIRRSWCLLKTCCSGCGLSVLKTHIL,top_ranked_distinct_protein,UNKNOWN,UNKNOWN
4,16,16,Tcf3,Med16,junction_6805713e08f03983dcc3c6737966c63beb3ee93d0f4a77cb99ffa66db6c0b4e0,SRR28984805.1974939/1,protein_8b7defedc00075b2ff44d12850e30a2ba564a5a4d5b67b01aa17dbdc2b39a03b,8b7defedc00075b2ff44d12850e30a2ba564a5a4d5b67b01aa17dbdc2b39a03b,reference_assisted,MMNQSQRMAPVGSDKELSDLLDFSMMFPLPVANGKSRPASLGGTQFAGSGLEDRPSSGSWGSSDQNSSSFDPSRTYSEGAHFSDSHSSLPPSTFLGAGLGVGDKQPMILKWRILSATNDLDRVSAVALPKLPISLTNTDLKVASDTQFYPGLGLALAFQDGSVHMVHRLSLQTMAVFYSSAPRSLDEPALKRPRTTCPAVHFKAMQLSWTSLALVGIDNHGKLSMLRISPSLGHPLEPKLALQHLLFLLEYCMVTGYDWWDILLHVQPGMVQSLVERLHEEYTRQKPALQQVLSTRILAMKASLCKLSPCTVARVCDYHTKLFLMAITSTLKSLLRPHFLNTPDKSPGDRLAEICAKITDVDIDKVMINLKTEEFVLDMNTLQALQQLLQWVGDFVLYLLVSLPNQGSPLRPGHSFLRDGTSLGMLRELMVVIRIWGLLKPSCLPVYTATSDTQDSMSLLFRLLTKLWICCRDEGAASEPDEGLVDECCLLPSQLLVPNLDWLPASDGLVSRLQPKQPLRLRFGRAPTLPSSTSTLQLDGLTRAPGQPKIDHLRRLHLGAYPTEECKACTRCGCVTMLKSPNKTTAVTQWEQRWIKNCLCGGLWRRVPLSCS,top_ranked_distinct_protein,UNKNOWN,UNKNOWN
5,18,18,Frrs1,Gm10419,junction_be686183a8b35d5e09cd57c7050fc9ca66ed4d5adfccde840869a1d786300b69,SRR28984805.366282/1,protein_ba9e33a93c212f326346c5d15a338f66591107785bb384386e0f27d26b2b64c4,ba9e33a93c212f326346c5d15a338f66591107785bb384386e0f27d26b2b64c4,reference_assisted,MAAPQITLSVLVIALLTCSVTAYPNGKVPMSCGGMIPQHNHSPQSEPIHQITVSQTTFKPGDQIKVTLSGPPFRGFLLEARDAENLSGPPIGSFTLIDSEESQLLTCTDVQGLAVSHTRSSKKTEIKVYWDAPSPAPDHIRFLATVVQKFKIYWVKIPSPVISQPNAPPFTTPKATTQPLTTPPSVSHLTKPFSAFECGNKKFCVRSPLNCDPEKEPACVFLSFTRDNQSVMVEMSGPSDGYVSFAFSHDQWMRIREMIDSPCLASFVPRMFVKCVHDAVHSDSSLIADNEAQQLTHFTAVNNILLLVCVS,top_ranked_distinct_protein,UNKNOWN,UNKNOWN
6,24,24,Rn18s-rs5,Lgals1,junction_1a79cee47aa3bfd8f87ad79cae8a5f2c4c1844f944df0b07da785180fc8ced86,SRR28984805.320911/1,protein_1be097e6870c1cf0730492a3b988a24d343956ed810eb5ba6021075fddda67d4,1be097e6870c1cf0730492a3b988a24d343956ed810eb5ba6021075fddda67d4,reference_assisted,MPTGNAAALFRSLLTAGGAGLRNLFASASIMACGLVASNLNLKPGECLKVRGEVASDAKSFVLNLGKDSNNLCLHFNPRFNAHGDANTIVCNTKEDGTWGTEHREPAFPFQPGSITEVCITFDQADLTIKLPDGHEFKFPNRLNMEAINYMAADGDFKIKCVAFE,top_ranked_distinct_protein,UNKNOWN,UNKNOWN
7,33,33,Uvrag,Rnf130,junction_93deecae85808da91ad44abfbf839f1645314fe0bec7d84d7eb011d8f02875c0,SRR28984805.931338/1,protein_40886b971ab3b58c192c7f4474815a21bcb8aee631c6987185eda3775ef2bcf3,40886b971ab3b58c192c7f4474815a21bcb8aee631c6987185eda3775ef2bcf3,reference_assisted,MALQDKGSAFSTEHGKLQLQKDSLSELRKECTAKRELFLKTNAQLTIRCRQLLSELSYIYPIDLNENKDYFVCGVKLPNSEDFQAKDDGSIAVALGYTAHLVSMISFFLQVPLRYPIIHKGSRSTIKDNINDKLTEKEREFPLYPKGGEKLQFDYGVYLLNKNIAQPNLPCTDNVAFDMERLTRTQAVNRRAALGDLAGDSSLGLEPLRTSGISPLPQDGELTPRTGEINIAVTKEWFIIASFGLLSALTLCYMIIRATASLNANEVEWF,top_ranked_distinct_protein,UNKNOWN,UNKNOWN
8,35,35,Mpeg1,Gsn,junction_0ebb208912f135c3dee47e578180c06fa212a8640974e47b2785e796c105b590,SRR28984805.1541240/1,protein_010cea6b9aec4fe107d0d322bcf87e247a1dae50e8e1f8a0c2ccf4331ba2c509,010cea6b9aec4fe107d0d322bcf87e247a1dae50e8e1f8a0c2ccf4331ba2c509,reference_assisted,MFFLTSVCFVTTLYSQQPSTMVVEHPEFLKAGKEPGLQIWRVEKFDLVPVPPNLYGDFFTGDAYVILKTVQLRNGNLQYDLHYWLGNECSQDESGAAAIFTVQLDDYLNGRAVQHREVQGFESSTFSGYFKSGLKYKKGGVASGFKHVVPNEVVVQRLFQVKGRRVVRATEVPGLQRCR,top_ranked_distinct_protein,UNKNOWN,UNKNOWN
9,37,37,Polr2a,Trp53,junction_f675702fe4f343eb7fe4c14290dd32c191fbe7da71ab72071f288708fa749523,SRR28984805.660502/1,protein_6d61d8abd6143152e0b025884fd296ee504410576909a6b35e3b7931719d0211,6d61d8abd6143152e0b025884fd296ee504410576909a6b35e3b7931719d0211,reference_assisted,MGSLSWASFVRSPWAPQQARWSISPTWRWGMTSPASSTPTFRLSLTTGFSSRVSHTIGIGDSIADSKTYQDIQNTIKKAKQDVIEVIEKAHNNELEPTPGNTLRQTFENQVNRILNDARDKTGSSAQKSLSEYNNFKSMVVSGAKGSKINISQLPEDQEGPVYFPP,diversity_supported_singleton,UNKNOWN,UNKNOWN
10,38,38,Rab2a,Lyn,junction_97c52d8d8133369e0124daee682bae9e3c967b2275b69aad9729465fe37c402f,SRR28984805.1052168/1,protein_d67cdd2ab407509e4583ddcfdf76d41c3a0c37af2f70a6280c6b1d0f893e1c73,d67cdd2ab407509e4583ddcfdf76d41c3a0c37af2f70a6280c6b1d0f893e1c73,reference_assisted,MAYAYLFKYIIIGDTGVGKSCLLLQFTDKRFQPVHDLTIGVEFGARMITIDGKQIKLQIWDTIAEGMAYIERKNYIHRDLRAANVLVSESLMCKIADFGLARVIEDNEYTAREGAKFPIKWTAPEAINFGCFTIKSDVWSFGILLYEIVTYGKIPYPGRTNADVMSALSQGYRMPRMENCPDELYDIMKMCWKEKAEERPTFDYLQSVLDDFYTATEGQYQQQP,diversity_junction_class,UNKNOWN,UNKNOWN
